1 2 9 10 12 18 -1
1 2 9 10 12 18 -1
1 2 9 10 12 18 -1
1 2 9 10 18 -1 -1
1 2 9 12 18 -1 -1
1 2 9 10 12 18 -1
1 2 9 10 12 18 -1
1 2 9 10 12 18 -1
1 2 9 10 12 18 -1
1 2 9 10 12 18 -1
1 2 9 10 18 -1 -1
1 2 9 10 12 18 -1
1 2 9 10 12 18 -1
1 2 9 10 12 18 -1
1 2 9 10 12 18 -1
1 2 10 12 18 -1 -1
1 2 9 10 12 18 -1
1 2 10 12 18 -1 -1
1 2 8 9 10 12 18
1 2 9 10 12 18 -1
1 2 9 10 12 18 -1
1 2 9 10 12 18 -1
1 2 9 10 12 18 -1
1 2 9 12 18 -1 -1
1 2 9 10 12 18 -1
1 2 9 10 12 18 -1
1 2 9 10 12 18 -1
1 2 9 12 18 -1 -1
1 2 9 10 12 18 -1
1 2 9 10 12 18 -1
1 2 9 10 12 18 -1
1 2 9 10 18 -1 -1
1 2 9 10 12 18 -1
1 2 9 10 12 18 -1
1 2 9 10 18 -1 -1
1 2 9 12 18 -1 -1
1 2 9 10 18 -1 -1
1 2 9 10 12 18 -1
1 2 9 10 12 18 -1
1 2 9 12 18 -1 -1
1 2 9 12 18 -1 -1
1 2 9 10 12 18 -1
1 2 9 10 12 18 -1
1 2 9 10 12 18 -1
1 2 9 10 12 18 -1
1 2 9 10 12 18 -1
1 2 9 12 18 -1 -1
1 2 9 10 12 18 -1
1 2 9 10 18 -1 -1
1 2 9 10 12 18 -1
1 2 9 10 12 18 -1
1 2 9 10 12 18 -1
1 2 9 10 12 18 -1
1 2 9 10 12 18 -1
1 2 9 10 12 18 -1
1 2 9 12 18 -1 -1
1 2 9 10 12 18 -1
1 2 9 10 12 18 -1
1 2 9 12 18 -1 -1
1 2 9 10 12 18 -1
1 2 9 10 12 18 -1
1 2 9 10 12 18 -1
1 2 9 10 12 18 -1
1 2 9 10 12 18 -1
1 2 9 10 12 18 -1
1 2 9 10 12 18 -1
1 2 12 18 -1 -1 -1
1 2 9 12 18 -1 -1
1 2 9 10 12 18 -1
1 2 9 10 12 18 -1
1 2 9 10 12 18 -1
1 2 9 12 18 -1 -1
1 2 9 10 12 18 -1
1 2 9 10 12 18 -1
1 2 9 10 12 18 -1
1 2 9 10 12 18 -1
1 2 9 10 12 18 -1
1 2 9 10 12 18 -1
1 2 9 12 18 -1 -1
1 2 9 10 18 -1 -1
1 2 9 12 18 -1 -1
1 2 9 12 18 -1 -1
1 2 9 10 12 18 -1
1 2 9 12 18 -1 -1
1 2 9 10 12 18 -1
1 2 9 10 12 18 -1
1 2 9 10 12 18 -1
1 2 9 10 12 18 -1
1 2 9 10 12 18 -1
1 2 9 12 18 -1 -1
1 2 9 10 12 18 -1
1 2 9 10 18 -1 -1
1 2 9 10 12 18 -1
1 2 9 10 12 18 -1
1 2 9 10 18 -1 -1
1 2 9 10 12 18 -1
1 2 9 10 12 18 -1
1 2 9 10 12 18 -1
1 2 9 10 12 18 -1
1 2 9 10 12 18 -1
