9 13 16 -1 -1
9 13 16 -1 -1
9 13 16 -1 -1
9 13 16 -1 -1
13 16 -1 -1 -1
13 16 -1 -1 -1
13 16 -1 -1 -1
9 13 16 -1 -1
0 1 13 16 -1
9 13 16 -1 -1
9 13 16 -1 -1
9 16 -1 -1 -1
9 13 16 -1 -1
9 13 16 -1 -1
1 13 16 -1 -1
1 9 13 16 -1
1 16 -1 -1 -1
9 13 16 -1 -1
13 16 -1 -1 -1
13 16 -1 -1 -1
1 13 16 -1 -1
1 13 16 -1 -1
9 13 16 -1 -1
9 13 16 -1 -1
5 13 16 -1 -1
1 9 13 16 -1
9 13 16 -1 -1
13 16 -1 -1 -1
13 16 -1 -1 -1
9 13 16 -1 -1
9 13 16 -1 -1
13 16 -1 -1 -1
13 16 -1 -1 -1
13 16 -1 -1 -1
1 13 16 -1 -1
1 13 16 -1 -1
0 9 13 16 -1
9 13 16 -1 -1
9 13 16 -1 -1
1 5 9 13 16
13 16 -1 -1 -1
9 13 16 -1 -1
9 13 16 -1 -1
9 13 16 -1 -1
9 13 16 -1 -1
9 13 16 -1 -1
8 9 13 16 -1
13 16 -1 -1 -1
9 13 16 -1 -1
13 16 -1 -1 -1
13 16 -1 -1 -1
13 16 -1 -1 -1
13 16 -1 -1 -1
13 16 -1 -1 -1
13 16 -1 -1 -1
9 13 16 -1 -1
9 13 16 -1 -1
1 13 16 -1 -1
9 13 16 -1 -1
0 1 16 -1 -1
13 16 -1 -1 -1
9 16 -1 -1 -1
1 9 13 16 -1
9 13 16 -1 -1
13 16 -1 -1 -1
13 16 -1 -1 -1
9 13 16 -1 -1
8 13 16 -1 -1
9 13 16 -1 -1
0 1 9 16 -1
9 13 16 -1 -1
9 13 16 -1 -1
13 16 -1 -1 -1
13 16 -1 -1 -1
1 9 13 16 -1
9 13 16 -1 -1
16 -1 -1 -1 -1
9 13 16 -1 -1
9 13 16 -1 -1
9 13 14 16 -1
1 11 13 16 -1
9 13 16 -1 -1
0 9 13 14 16
9 13 16 -1 -1
9 13 16 -1 -1
1 13 16 -1 -1
1 13 16 -1 -1
13 16 -1 -1 -1
13 16 -1 -1 -1
9 13 16 -1 -1
9 13 16 -1 -1
9 13 16 -1 -1
9 13 16 -1 -1
5 9 13 16 -1
9 13 16 -1 -1
1 9 13 16 -1
13 16 -1 -1 -1
13 16 -1 -1 -1
13 16 -1 -1 -1
1 9 13 16 -1
