2.285069345572910207e-02 1.505884673856337959e-02 8.397731782086056973e-02 9.705998347921159786e-01 2.201515498016506367e-01
2.285069345572910207e-02 1.505884673856337959e-02 8.397731782086056973e-02 9.705998347921159786e-01 2.201515498016506367e-01
2.285069345572910207e-02 1.505884673856337959e-02 8.397731782086056973e-02 9.705998347921159786e-01 2.201515498016506367e-01
2.285069345572910207e-02 1.505884673856337959e-02 8.397731782086056973e-02 9.705998347921159786e-01 2.201515498016506367e-01
9.886778136216226379e-03 3.002949402751473214e-03 1.382335843903320476e-02 8.881030358882259224e-01 8.644997682355789470e-01
9.886778136216226379e-03 3.002949402751473214e-03 1.382335843903320476e-02 8.881030358882259224e-01 8.644997682355789470e-01
9.886778136216226379e-03 3.002949402751473214e-03 1.382335843903320476e-02 8.881030358882259224e-01 8.644997682355789470e-01
2.285069345572910207e-02 1.505884673856337959e-02 8.397731782086056973e-02 9.705998347921159786e-01 2.201515498016506367e-01
7.333393654732497380e-01 3.363076854345571354e-01 2.620420921416911075e-01 8.874486209069016862e-01 3.155785458124096138e-02
2.285069345572910207e-02 1.505884673856337959e-02 8.397731782086056973e-02 9.705998347921159786e-01 2.201515498016506367e-01
2.285069345572910207e-02 1.505884673856337959e-02 8.397731782086056973e-02 9.705998347921159786e-01 2.201515498016506367e-01
1.894905434229670130e-02 6.546888086789826901e-03 2.365965696688148573e-02 8.783317839306942210e-01 7.796780014824801208e-01
2.285069345572910207e-02 1.505884673856337959e-02 8.397731782086056973e-02 9.705998347921159786e-01 2.201515498016506367e-01
2.285069345572910207e-02 1.505884673856337959e-02 8.397731782086056973e-02 9.705998347921159786e-01 2.201515498016506367e-01
8.045679011895892629e-02 6.819803395917924116e-02 2.150713864047367474e-01 9.646800531466762640e-01 7.991099280510009784e-02
4.896147793479008192e-01 9.186931028849380787e-02 8.459595589599523680e-02 9.541418499958227439e-01 2.850881465331110004e-02
6.739762629689763362e-02 3.058196865450002813e-02 6.753609417754492805e-02 8.565788859109337849e-01 5.212415464404284160e-01
2.285069345572910207e-02 1.505884673856337959e-02 8.397731782086056973e-02 9.705998347921159786e-01 2.201515498016506367e-01
9.886778136216226379e-03 3.002949402751473214e-03 1.382335843903320476e-02 8.881030358882259224e-01 8.644997682355789470e-01
9.886778136216226379e-03 3.002949402751473214e-03 1.382335843903320476e-02 8.881030358882259224e-01 8.644997682355789470e-01
8.045679011895892629e-02 6.819803395917924116e-02 2.150713864047367474e-01 9.646800531466762640e-01 7.991099280510009784e-02
8.045679011895892629e-02 6.819803395917924116e-02 2.150713864047367474e-01 9.646800531466762640e-01 7.991099280510009784e-02
2.285069345572910207e-02 1.505884673856337959e-02 8.397731782086056973e-02 9.705998347921159786e-01 2.201515498016506367e-01
2.285069345572910207e-02 1.505884673856337959e-02 8.397731782086056973e-02 9.705998347921159786e-01 2.201515498016506367e-01
4.327638750787696914e-02 3.236866260730546924e-02 1.368080096374759413e-01 9.677710772885361745e-01 1.353840095999869486e-01
4.896147793479008192e-01 9.186931028849380787e-02 8.459595589599523680e-02 9.541418499958227439e-01 2.850881465331110004e-02
2.285069345572910207e-02 1.505884673856337959e-02 8.397731782086056973e-02 9.705998347921159786e-01 2.201515498016506367e-01
9.886778136216226379e-03 3.002949402751473214e-03 1.382335843903320476e-02 8.881030358882259224e-01 8.644997682355789470e-01
9.886778136216226379e-03 3.002949402751473214e-03 1.382335843903320476e-02 8.881030358882259224e-01 8.644997682355789470e-01
2.285069345572910207e-02 1.505884673856337959e-02 8.397731782086056973e-02 9.705998347921159786e-01 2.201515498016506367e-01
2.285069345572910207e-02 1.505884673856337959e-02 8.397731782086056973e-02 9.705998347921159786e-01 2.201515498016506367e-01
9.886778136216226379e-03 3.002949402751473214e-03 1.382335843903320476e-02 8.881030358882259224e-01 8.644997682355789470e-01
9.886778136216226379e-03 3.002949402751473214e-03 1.382335843903320476e-02 8.881030358882259224e-01 8.644997682355789470e-01
9.886778136216226379e-03 3.002949402751473214e-03 1.382335843903320476e-02 8.881030358882259224e-01 8.644997682355789470e-01
8.045679011895892629e-02 6.819803395917924116e-02 2.150713864047367474e-01 9.646800531466762640e-01 7.991099280510009784e-02
8.045679011895892629e-02 6.819803395917924116e-02 2.150713864047367474e-01 9.646800531466762640e-01 7.991099280510009784e-02
5.308086197850219179e-01 1.095562017521253262e-01 9.581453264985462237e-02 9.530938126520845932e-01 2.469942927446392225e-02
2.285069345572910207e-02 1.505884673856337959e-02 8.397731782086056973e-02 9.705998347921159786e-01 2.201515498016506367e-01
2.285069345572910207e-02 1.505884673856337959e-02 8.397731782086056973e-02 9.705998347921159786e-01 2.201515498016506367e-01
9.273582929248955775e-01 4.379731533994521420e-01 1.553698487440948184e-01 9.146755422372139233e-01 2.242909033141037012e-02
9.886778136216226379e-03 3.002949402751473214e-03 1.382335843903320476e-02 8.881030358882259224e-01 8.644997682355789470e-01
2.285069345572910207e-02 1.505884673856337959e-02 8.397731782086056973e-02 9.705998347921159786e-01 2.201515498016506367e-01
2.285069345572910207e-02 1.505884673856337959e-02 8.397731782086056973e-02 9.705998347921159786e-01 2.201515498016506367e-01
2.285069345572910207e-02 1.505884673856337959e-02 8.397731782086056973e-02 9.705998347921159786e-01 2.201515498016506367e-01
2.285069345572910207e-02 1.505884673856337959e-02 8.397731782086056973e-02 9.705998347921159786e-01 2.201515498016506367e-01
2.285069345572910207e-02 1.505884673856337959e-02 8.397731782086056973e-02 9.705998347921159786e-01 2.201515498016506367e-01
2.321678708026176097e-01 2.505777644786594954e-02 3.424096083931444517e-02 9.608767449014518069e-01 7.605526505533220794e-02
9.886778136216226379e-03 3.002949402751473214e-03 1.382335843903320476e-02 8.881030358882259224e-01 8.644997682355789470e-01
2.285069345572910207e-02 1.505884673856337959e-02 8.397731782086056973e-02 9.705998347921159786e-01 2.201515498016506367e-01
9.886778136216226379e-03 3.002949402751473214e-03 1.382335843903320476e-02 8.881030358882259224e-01 8.644997682355789470e-01
9.886778136216226379e-03 3.002949402751473214e-03 1.382335843903320476e-02 8.881030358882259224e-01 8.644997682355789470e-01
9.886778136216226379e-03 3.002949402751473214e-03 1.382335843903320476e-02 8.881030358882259224e-01 8.644997682355789470e-01
9.886778136216226379e-03 3.002949402751473214e-03 1.382335843903320476e-02 8.881030358882259224e-01 8.644997682355789470e-01
9.886778136216226379e-03 3.002949402751473214e-03 1.382335843903320476e-02 8.881030358882259224e-01 8.644997682355789470e-01
9.886778136216226379e-03 3.002949402751473214e-03 1.382335843903320476e-02 8.881030358882259224e-01 8.644997682355789470e-01
2.285069345572910207e-02 1.505884673856337959e-02 8.397731782086056973e-02 9.705998347921159786e-01 2.201515498016506367e-01
2.285069345572910207e-02 1.505884673856337959e-02 8.397731782086056973e-02 9.705998347921159786e-01 2.201515498016506367e-01
8.045679011895892629e-02 6.819803395917924116e-02 2.150713864047367474e-01 9.646800531466762640e-01 7.991099280510009784e-02
2.285069345572910207e-02 1.505884673856337959e-02 8.397731782086056973e-02 9.705998347921159786e-01 2.201515498016506367e-01
2.811311462203343603e-01 4.266015460942043092e-01 6.583823959143668691e-01 8.657297867574736960e-01 9.861094751353992327e-02
9.886778136216226379e-03 3.002949402751473214e-03 1.382335843903320476e-02 8.881030358882259224e-01 8.644997682355789470e-01
1.894905434229670130e-02 6.546888086789826901e-03 2.365965696688148573e-02 8.783317839306942210e-01 7.796780014824801208e-01
4.896147793479008192e-01 9.186931028849380787e-02 8.459595589599523680e-02 9.541418499958227439e-01 2.850881465331110004e-02
2.285069345572910207e-02 1.505884673856337959e-02 8.397731782086056973e-02 9.705998347921159786e-01 2.201515498016506367e-01
9.886778136216226379e-03 3.002949402751473214e-03 1.382335843903320476e-02 8.881030358882259224e-01 8.644997682355789470e-01
9.886778136216226379e-03 3.002949402751473214e-03 1.382335843903320476e-02 8.881030358882259224e-01 8.644997682355789470e-01
2.285069345572910207e-02 1.505884673856337959e-02 8.397731782086056973e-02 9.705998347921159786e-01 2.201515498016506367e-01
2.683829845790782626e-02 1.825527404068823245e-02 9.512237974010243069e-02 9.699160672181782461e-01 1.958982965903044993e-01
2.285069345572910207e-02 1.505884673856337959e-02 8.397731782086056973e-02 9.705998347921159786e-01 2.201515498016506367e-01
7.398164585001613114e-01 3.201864672732944728e-01 2.241308846967635660e-01 8.353080898488010053e-01 5.696515317238785847e-02
2.285069345572910207e-02 1.505884673856337959e-02 8.397731782086056973e-02 9.705998347921159786e-01 2.201515498016506367e-01
2.285069345572910207e-02 1.505884673856337959e-02 8.397731782086056973e-02 9.705998347921159786e-01 2.201515498016506367e-01
9.886778136216226379e-03 3.002949402751473214e-03 1.382335843903320476e-02 8.881030358882259224e-01 8.644997682355789470e-01
9.886778136216226379e-03 3.002949402751473214e-03 1.382335843903320476e-02 8.881030358882259224e-01 8.644997682355789470e-01
4.896147793479008192e-01 9.186931028849380787e-02 8.459595589599523680e-02 9.541418499958227439e-01 2.850881465331110004e-02
2.285069345572910207e-02 1.505884673856337959e-02 8.397731782086056973e-02 9.705998347921159786e-01 2.201515498016506367e-01
3.864516530406565675e-02 3.278488819318377961e-02 1.082810590710795023e-01 5.327088574863859671e-01 9.443244574048199613e-01
2.285069345572910207e-02 1.505884673856337959e-02 8.397731782086056973e-02 9.705998347921159786e-01 2.201515498016506367e-01
2.285069345572910207e-02 1.505884673856337959e-02 8.397731782086056973e-02 9.705998347921159786e-01 2.201515498016506367e-01
1.402139226393772919e-01 1.049405037299873215e-02 1.747461467309068331e-02 9.782986475557339245e-01 6.722018095484698363e-02
4.344772111710365481e-01 6.630442546255185809e-02 6.393675176252730519e-02 9.634526670860761310e-01 2.681419265010431124e-02
2.285069345572910207e-02 1.505884673856337959e-02 8.397731782086056973e-02 9.705998347921159786e-01 2.201515498016506367e-01
9.127350517480449232e-01 3.301202695833793110e-01 1.145714985529006219e-01 9.642307762332832377e-01 8.461070430849931476e-03
2.285069345572910207e-02 1.505884673856337959e-02 8.397731782086056973e-02 9.705998347921159786e-01 2.201515498016506367e-01
2.285069345572910207e-02 1.505884673856337959e-02 8.397731782086056973e-02 9.705998347921159786e-01 2.201515498016506367e-01
8.045679011895892629e-02 6.819803395917924116e-02 2.150713864047367474e-01 9.646800531466762640e-01 7.991099280510009784e-02
8.045679011895892629e-02 6.819803395917924116e-02 2.150713864047367474e-01 9.646800531466762640e-01 7.991099280510009784e-02
9.886778136216226379e-03 3.002949402751473214e-03 1.382335843903320476e-02 8.881030358882259224e-01 8.644997682355789470e-01
9.886778136216226379e-03 3.002949402751473214e-03 1.382335843903320476e-02 8.881030358882259224e-01 8.644997682355789470e-01
2.285069345572910207e-02 1.505884673856337959e-02 8.397731782086056973e-02 9.705998347921159786e-01 2.201515498016506367e-01
2.285069345572910207e-02 1.505884673856337959e-02 8.397731782086056973e-02 9.705998347921159786e-01 2.201515498016506367e-01
2.285069345572910207e-02 1.505884673856337959e-02 8.397731782086056973e-02 9.705998347921159786e-01 2.201515498016506367e-01
2.285069345572910207e-02 1.505884673856337959e-02 8.397731782086056973e-02 9.705998347921159786e-01 2.201515498016506367e-01
3.315246239006823248e-01 4.419352759168281020e-02 5.074256668187238084e-02 9.581150819915364991e-01 5.024790737351189640e-02
2.285069345572910207e-02 1.505884673856337959e-02 8.397731782086056973e-02 9.705998347921159786e-01 2.201515498016506367e-01
4.896147793479008192e-01 9.186931028849380787e-02 8.459595589599523680e-02 9.541418499958227439e-01 2.850881465331110004e-02
9.886778136216226379e-03 3.002949402751473214e-03 1.382335843903320476e-02 8.881030358882259224e-01 8.644997682355789470e-01
9.886778136216226379e-03 3.002949402751473214e-03 1.382335843903320476e-02 8.881030358882259224e-01 8.644997682355789470e-01
9.886778136216226379e-03 3.002949402751473214e-03 1.382335843903320476e-02 8.881030358882259224e-01 8.644997682355789470e-01
4.896147793479008192e-01 9.186931028849380787e-02 8.459595589599523680e-02 9.541418499958227439e-01 2.850881465331110004e-02
