7.281802828194730570e-02 7.811546773446796932e-01 5.729651141613737453e-01 5.831009922400997025e-01 8.071605931882112062e-01
2.394198039846096582e-01 3.530548226030822412e-01 8.964211459510031954e-01 3.777251949498536820e-01 9.201231283463666699e-01
8.018853710432238824e-01 4.849979259155300371e-01 1.142060099721767426e-02 9.679324494632743914e-01 2.023555815530504384e-02
4.785686071767461525e-01 3.248857432384851807e-01 3.034246884772405159e-02 9.674190657347176980e-01 5.170677893270391292e-04
1.095704647717429397e-01 7.472674597518224049e-01 1.851689798718151869e-01 9.450934609065697600e-01 5.437987628609383117e-01
2.816234648005735419e-01 3.109159126613708635e-01 8.393739426650090873e-01 4.615978216055593997e-01 8.884232275016542557e-01
2.394198039846096582e-01 3.530548226030822412e-01 8.964211459510031954e-01 3.777251949498536820e-01 9.201231283463666699e-01
2.394198039846096582e-01 3.530548226030822412e-01 8.964211459510031954e-01 3.777251949498536820e-01 9.201231283463666699e-01
7.281802828194730570e-02 7.811546773446796932e-01 5.729651141613737453e-01 5.831009922400997025e-01 8.071605931882112062e-01
1.095704647717429397e-01 7.472674597518224049e-01 1.851689798718151869e-01 9.450934609065697600e-01 5.437987628609383117e-01
6.063203974218662751e-01 6.710555588914101088e-01 5.169766188950864622e-02 8.931903309514929168e-01 4.144093351451813567e-02
7.281802828194730570e-02 7.811546773446796932e-01 5.729651141613737453e-01 5.831009922400997025e-01 8.071605931882112062e-01
7.281802828194730570e-02 7.811546773446796932e-01 5.729651141613737453e-01 5.831009922400997025e-01 8.071605931882112062e-01
7.281802828194730570e-02 7.811546773446796932e-01 5.729651141613737453e-01 5.831009922400997025e-01 8.071605931882112062e-01
6.063203974218662751e-01 6.710555588914101088e-01 5.169766188950864622e-02 8.931903309514929168e-01 4.144093351451813567e-02
2.444095238724649510e-01 3.568563383565418468e-01 8.709868230238962949e-01 4.184543512120445508e-01 9.104818415473512339e-01
2.394198039846096582e-01 3.530548226030822412e-01 8.964211459510031954e-01 3.777251949498536820e-01 9.201231283463666699e-01
1.347348847924098592e-01 7.452122477582086013e-01 1.876089362933081317e-01 9.367682907633682055e-01 5.748576641356519801e-01
7.281802828194730570e-02 7.811546773446796932e-01 5.729651141613737453e-01 5.831009922400997025e-01 8.071605931882112062e-01
6.420657328888853543e-01 3.488420107015314242e-01 9.617772674770308505e-01 1.609378815997244624e-02 8.033969328924033260e-01
5.593653634332676483e-02 8.636835715884446651e-01 5.214785626507987271e-01 8.040912280057106454e-01 7.389285688406607155e-01
7.281802828194730570e-02 7.811546773446796932e-01 5.729651141613737453e-01 5.831009922400997025e-01 8.071605931882112062e-01
2.394198039846096582e-01 3.530548226030822412e-01 8.964211459510031954e-01 3.777251949498536820e-01 9.201231283463666699e-01
2.394198039846096582e-01 3.530548226030822412e-01 8.964211459510031954e-01 3.777251949498536820e-01 9.201231283463666699e-01
2.394198039846096582e-01 3.530548226030822412e-01 8.964211459510031954e-01 3.777251949498536820e-01 9.201231283463666699e-01
7.281802828194730570e-02 7.811546773446796932e-01 5.729651141613737453e-01 5.831009922400997025e-01 8.071605931882112062e-01
7.281802828194730570e-02 7.811546773446796932e-01 5.729651141613737453e-01 5.831009922400997025e-01 8.071605931882112062e-01
7.281802828194730570e-02 7.811546773446796932e-01 5.729651141613737453e-01 5.831009922400997025e-01 8.071605931882112062e-01
5.593653634332676483e-02 8.636835715884446651e-01 5.214785626507987271e-01 8.040912280057106454e-01 7.389285688406607155e-01
6.173102160569485797e-01 6.387395026238417151e-01 5.322795503528346406e-02 8.833890638716657140e-01 3.317540690045544388e-02
1.347348847924098592e-01 7.452122477582086013e-01 1.876089362933081317e-01 9.367682907633682055e-01 5.748576641356519801e-01
8.018853710432238824e-01 4.849979259155300371e-01 1.142060099721767426e-02 9.679324494632743914e-01 2.023555815530504384e-02
1.347348847924098592e-01 7.452122477582086013e-01 1.876089362933081317e-01 9.367682907633682055e-01 5.748576641356519801e-01
2.394198039846096582e-01 3.530548226030822412e-01 8.964211459510031954e-01 3.777251949498536820e-01 9.201231283463666699e-01
2.394198039846096582e-01 3.530548226030822412e-01 8.964211459510031954e-01 3.777251949498536820e-01 9.201231283463666699e-01
2.394198039846096582e-01 3.530548226030822412e-01 8.964211459510031954e-01 3.777251949498536820e-01 9.201231283463666699e-01
8.018853710432238824e-01 4.849979259155300371e-01 1.142060099721767426e-02 9.679324494632743914e-01 2.023555815530504384e-02
7.281802828194730570e-02 7.811546773446796932e-01 5.729651141613737453e-01 5.831009922400997025e-01 8.071605931882112062e-01
8.018853710432238824e-01 4.849979259155300371e-01 1.142060099721767426e-02 9.679324494632743914e-01 2.023555815530504384e-02
5.593653634332676483e-02 8.636835715884446651e-01 5.214785626507987271e-01 8.040912280057106454e-01 7.389285688406607155e-01
7.281802828194730570e-02 7.811546773446796932e-01 5.729651141613737453e-01 5.831009922400997025e-01 8.071605931882112062e-01
2.394198039846096582e-01 3.530548226030822412e-01 8.964211459510031954e-01 3.777251949498536820e-01 9.201231283463666699e-01
7.281802828194730570e-02 7.811546773446796932e-01 5.729651141613737453e-01 5.831009922400997025e-01 8.071605931882112062e-01
7.281802828194730570e-02 7.811546773446796932e-01 5.729651141613737453e-01 5.831009922400997025e-01 8.071605931882112062e-01
5.593653634332676483e-02 8.636835715884446651e-01 5.214785626507987271e-01 8.040912280057106454e-01 7.389285688406607155e-01
1.347348847924098592e-01 7.452122477582086013e-01 1.876089362933081317e-01 9.367682907633682055e-01 5.748576641356519801e-01
7.281802828194730570e-02 7.811546773446796932e-01 5.729651141613737453e-01 5.831009922400997025e-01 8.071605931882112062e-01
2.394198039846096582e-01 3.530548226030822412e-01 8.964211459510031954e-01 3.777251949498536820e-01 9.201231283463666699e-01
6.173102160569485797e-01 6.387395026238417151e-01 5.322795503528346406e-02 8.833890638716657140e-01 3.317540690045544388e-02
2.394198039846096582e-01 3.530548226030822412e-01 8.964211459510031954e-01 3.777251949498536820e-01 9.201231283463666699e-01
7.281802828194730570e-02 7.811546773446796932e-01 5.729651141613737453e-01 5.831009922400997025e-01 8.071605931882112062e-01
7.281802828194730570e-02 7.811546773446796932e-01 5.729651141613737453e-01 5.831009922400997025e-01 8.071605931882112062e-01
7.281802828194730570e-02 7.811546773446796932e-01 5.729651141613737453e-01 5.831009922400997025e-01 8.071605931882112062e-01
4.785686071767461525e-01 3.248857432384851807e-01 3.034246884772405159e-02 9.674190657347176980e-01 5.170677893270391292e-04
8.018853710432238824e-01 4.849979259155300371e-01 1.142060099721767426e-02 9.679324494632743914e-01 2.023555815530504384e-02
1.095704647717429397e-01 7.472674597518224049e-01 1.851689798718151869e-01 9.450934609065697600e-01 5.437987628609383117e-01
2.444095238724649510e-01 3.568563383565418468e-01 8.709868230238962949e-01 4.184543512120445508e-01 9.104818415473512339e-01
6.063203974218662751e-01 6.710555588914101088e-01 5.169766188950864622e-02 8.931903309514929168e-01 4.144093351451813567e-02
7.281802828194730570e-02 7.811546773446796932e-01 5.729651141613737453e-01 5.831009922400997025e-01 8.071605931882112062e-01
1.095704647717429397e-01 7.472674597518224049e-01 1.851689798718151869e-01 9.450934609065697600e-01 5.437987628609383117e-01
7.281802828194730570e-02 7.811546773446796932e-01 5.729651141613737453e-01 5.831009922400997025e-01 8.071605931882112062e-01
7.281802828194730570e-02 7.811546773446796932e-01 5.729651141613737453e-01 5.831009922400997025e-01 8.071605931882112062e-01
8.018853710432238824e-01 4.849979259155300371e-01 1.142060099721767426e-02 9.679324494632743914e-01 2.023555815530504384e-02
2.394198039846096582e-01 3.530548226030822412e-01 8.964211459510031954e-01 3.777251949498536820e-01 9.201231283463666699e-01
7.281802828194730570e-02 7.811546773446796932e-01 5.729651141613737453e-01 5.831009922400997025e-01 8.071605931882112062e-01
2.394198039846096582e-01 3.530548226030822412e-01 8.964211459510031954e-01 3.777251949498536820e-01 9.201231283463666699e-01
2.394198039846096582e-01 3.530548226030822412e-01 8.964211459510031954e-01 3.777251949498536820e-01 9.201231283463666699e-01
8.018853710432238824e-01 4.849979259155300371e-01 1.142060099721767426e-02 9.679324494632743914e-01 2.023555815530504384e-02
8.018853710432238824e-01 4.849979259155300371e-01 1.142060099721767426e-02 9.679324494632743914e-01 2.023555815530504384e-02
7.281802828194730570e-02 7.811546773446796932e-01 5.729651141613737453e-01 5.831009922400997025e-01 8.071605931882112062e-01
1.347348847924098592e-01 7.452122477582086013e-01 1.876089362933081317e-01 9.367682907633682055e-01 5.748576641356519801e-01
3.558617675591395635e-01 4.698621224377370065e-01 9.611455094431390345e-01 3.798396504055666367e-02 7.915613741327996999e-01
8.018853710432238824e-01 4.849979259155300371e-01 1.142060099721767426e-02 9.679324494632743914e-01 2.023555815530504384e-02
7.281802828194730570e-02 7.811546773446796932e-01 5.729651141613737453e-01 5.831009922400997025e-01 8.071605931882112062e-01
7.281802828194730570e-02 7.811546773446796932e-01 5.729651141613737453e-01 5.831009922400997025e-01 8.071605931882112062e-01
1.095704647717429397e-01 7.472674597518224049e-01 1.851689798718151869e-01 9.450934609065697600e-01 5.437987628609383117e-01
8.018853710432238824e-01 4.849979259155300371e-01 1.142060099721767426e-02 9.679324494632743914e-01 2.023555815530504384e-02
1.347348847924098592e-01 7.452122477582086013e-01 1.876089362933081317e-01 9.367682907633682055e-01 5.748576641356519801e-01
8.018853710432238824e-01 4.849979259155300371e-01 1.142060099721767426e-02 9.679324494632743914e-01 2.023555815530504384e-02
7.281802828194730570e-02 7.811546773446796932e-01 5.729651141613737453e-01 5.831009922400997025e-01 8.071605931882112062e-01
2.394198039846096582e-01 3.530548226030822412e-01 8.964211459510031954e-01 3.777251949498536820e-01 9.201231283463666699e-01
2.444095238724649510e-01 3.568563383565418468e-01 8.709868230238962949e-01 4.184543512120445508e-01 9.104818415473512339e-01
2.394198039846096582e-01 3.530548226030822412e-01 8.964211459510031954e-01 3.777251949498536820e-01 9.201231283463666699e-01
2.394198039846096582e-01 3.530548226030822412e-01 8.964211459510031954e-01 3.777251949498536820e-01 9.201231283463666699e-01
2.394198039846096582e-01 3.530548226030822412e-01 8.964211459510031954e-01 3.777251949498536820e-01 9.201231283463666699e-01
7.281802828194730570e-02 7.811546773446796932e-01 5.729651141613737453e-01 5.831009922400997025e-01 8.071605931882112062e-01
2.810058287770723084e-01 2.783893420986132683e-01 8.601005993171469965e-01 4.016914868792704763e-01 8.561370337020767218e-01
7.281802828194730570e-02 7.811546773446796932e-01 5.729651141613737453e-01 5.831009922400997025e-01 8.071605931882112062e-01
2.444095238724649510e-01 3.568563383565418468e-01 8.709868230238962949e-01 4.184543512120445508e-01 9.104818415473512339e-01
2.394198039846096582e-01 3.530548226030822412e-01 8.964211459510031954e-01 3.777251949498536820e-01 9.201231283463666699e-01
7.281802828194730570e-02 7.811546773446796932e-01 5.729651141613737453e-01 5.831009922400997025e-01 8.071605931882112062e-01
2.394198039846096582e-01 3.530548226030822412e-01 8.964211459510031954e-01 3.777251949498536820e-01 9.201231283463666699e-01
7.281802828194730570e-02 7.811546773446796932e-01 5.729651141613737453e-01 5.831009922400997025e-01 8.071605931882112062e-01
7.281802828194730570e-02 7.811546773446796932e-01 5.729651141613737453e-01 5.831009922400997025e-01 8.071605931882112062e-01
7.281802828194730570e-02 7.811546773446796932e-01 5.729651141613737453e-01 5.831009922400997025e-01 8.071605931882112062e-01
7.281802828194730570e-02 7.811546773446796932e-01 5.729651141613737453e-01 5.831009922400997025e-01 8.071605931882112062e-01
7.281802828194730570e-02 7.811546773446796932e-01 5.729651141613737453e-01 5.831009922400997025e-01 8.071605931882112062e-01
1.095704647717429397e-01 7.472674597518224049e-01 1.851689798718151869e-01 9.450934609065697600e-01 5.437987628609383117e-01
6.063203974218662751e-01 6.710555588914101088e-01 5.169766188950864622e-02 8.931903309514929168e-01 4.144093351451813567e-02
3.558617675591395635e-01 4.698621224377370065e-01 9.611455094431390345e-01 3.798396504055666367e-02 7.915613741327996999e-01
