0.78 0.38 0.92 0.74 0.30
0.78 0.38 0.92 0.74 0.30
0.78 0.38 0.92 0.74 0.30
0.13 0.78 0.42 0.91 0.36
0.08 0.78 0.52 0.87 0.23
0.78 0.38 0.92 0.74 0.30
0.78 0.38 0.92 0.74 0.30
0.78 0.38 0.92 0.74 0.30
0.78 0.38 0.92 0.74 0.30
0.78 0.38 0.92 0.74 0.30
0.13 0.78 0.42 0.91 0.36
0.78 0.38 0.92 0.74 0.30
0.78 0.38 0.92 0.74 0.30
0.78 0.38 0.92 0.74 0.30
0.78 0.38 0.92 0.74 0.30
0.06 0.82 0.56 0.84 0.15
0.78 0.38 0.92 0.74 0.30
0.06 0.82 0.56 0.84 0.15
0.14 0.52 0.94 0.35 0.15
0.78 0.38 0.92 0.74 0.30
0.78 0.38 0.92 0.74 0.30
0.78 0.38 0.92 0.74 0.30
0.78 0.38 0.92 0.74 0.30
0.08 0.78 0.52 0.87 0.23
0.78 0.38 0.92 0.74 0.30
0.78 0.38 0.92 0.74 0.30
0.78 0.38 0.92 0.74 0.30
0.08 0.78 0.52 0.87 0.23
0.78 0.38 0.92 0.74 0.30
0.78 0.38 0.92 0.74 0.30
0.78 0.38 0.92 0.74 0.30
0.13 0.78 0.42 0.91 0.36
0.78 0.38 0.92 0.74 0.30
0.78 0.38 0.92 0.74 0.30
0.13 0.78 0.42 0.91 0.36
0.08 0.78 0.52 0.87 0.23
0.13 0.78 0.42 0.91 0.36
0.78 0.38 0.92 0.74 0.30
0.78 0.38 0.92 0.74 0.30
0.08 0.78 0.52 0.87 0.23
0.08 0.78 0.52 0.87 0.23
0.78 0.38 0.92 0.74 0.30
0.78 0.38 0.92 0.74 0.30
0.78 0.38 0.92 0.74 0.30
0.78 0.38 0.92 0.74 0.30
0.78 0.38 0.92 0.74 0.30
0.08 0.78 0.52 0.87 0.23
0.78 0.38 0.92 0.74 0.30
0.13 0.78 0.42 0.91 0.36
0.78 0.38 0.92 0.74 0.30
0.78 0.38 0.92 0.74 0.30
0.78 0.38 0.92 0.74 0.30
0.78 0.38 0.92 0.74 0.30
0.78 0.38 0.92 0.74 0.30
0.78 0.38 0.92 0.74 0.30
0.08 0.78 0.52 0.87 0.23
0.78 0.38 0.92 0.74 0.30
0.78 0.38 0.92 0.74 0.30
0.08 0.78 0.52 0.87 0.23
0.78 0.38 0.92 0.74 0.30
0.78 0.38 0.92 0.74 0.30
0.78 0.38 0.92 0.74 0.30
0.78 0.38 0.92 0.74 0.30
0.78 0.38 0.92 0.74 0.30
0.78 0.38 0.92 0.74 0.30
0.78 0.38 0.92 0.74 0.30
0.03 0.67 0.90 0.12 0.01
0.08 0.78 0.52 0.87 0.23
0.78 0.38 0.92 0.74 0.30
0.78 0.38 0.92 0.74 0.30
0.78 0.38 0.92 0.74 0.30
0.08 0.78 0.52 0.87 0.23
0.78 0.38 0.92 0.74 0.30
0.78 0.38 0.92 0.74 0.30
0.78 0.38 0.92 0.74 0.30
0.78 0.38 0.92 0.74 0.30
0.78 0.38 0.92 0.74 0.30
0.78 0.38 0.92 0.74 0.30
0.08 0.78 0.52 0.87 0.23
0.13 0.78 0.42 0.91 0.36
0.08 0.78 0.52 0.87 0.23
0.08 0.78 0.52 0.87 0.23
0.78 0.38 0.92 0.74 0.30
0.08 0.78 0.52 0.87 0.23
0.78 0.38 0.92 0.74 0.30
0.78 0.38 0.92 0.74 0.30
0.78 0.38 0.92 0.74 0.30
0.78 0.38 0.92 0.74 0.30
0.78 0.38 0.92 0.74 0.30
0.08 0.78 0.52 0.87 0.23
0.78 0.38 0.92 0.74 0.30
0.13 0.78 0.42 0.91 0.36
0.78 0.38 0.92 0.74 0.30
0.78 0.38 0.92 0.74 0.30
0.13 0.78 0.42 0.91 0.36
0.78 0.38 0.92 0.74 0.30
0.78 0.38 0.92 0.74 0.30
0.78 0.38 0.92 0.74 0.30
0.78 0.38 0.92 0.74 0.30
0.78 0.38 0.92 0.74 0.30
