6 5 7 6 8 1
6 5 6 6 7 1
6 6 6 7 8 1
6 5 7 5 6 1
6 5 6 6 7 1
5 4 8 6 8 1
6 4 8 3 5 1
6 4 7 4 6 1
7 6 5 6 7 1
6 5 7 6 8 1
6 4 7 5 7 1
6 5 7 7 8 1
7 6 5 6 7 1
7 6 5 6 6 1
6 5 6 6 7 1
6 5 7 7 8 1
6 4 7 6 7 1
6 5 7 7 8 1
6 6 6 6 7 1
6 4 7 5 6 1
6 5 7 5 7 1
6 5 7 4 5 1
6 5 6 6 7 1
6 5 6 6 7 1
6 5 7 6 8 1
5 3 8 5 7 1
6 5 7 5 7 1
6 5 7 6 8 1
6 5 7 6 7 1
6 5 7 7 8 1
6 4 7 5 7 1
7 6 6 5 5 1
6 4 7 5 7 1
7 6 6 5 6 1
7 6 6 6 7 1
6 5 6 7 8 1
6 5 7 6 7 1
6 5 7 5 6 1
6 5 6 6 7 1
5 4 8 6 8 1
6 4 8 5 6 1
6 4 7 4 6 1
6 5 6 6 7 1
5 5 7 7 8 1
6 4 7 5 6 1
7 6 5 6 6 1
6 5 7 6 8 1
6 5 6 6 7 1
6 5 7 6 8 1
6 5 7 6 7 1
7 5 6 4 4 2
7 7 5 5 5 2
7 5 6 3 3 2
7 7 4 5 4 2
7 7 4 6 6 2
7 7 4 5 5 2
7 6 5 6 6 2
7 6 5 4 4 2
7 6 5 6 7 2
6 5 6 5 6 2
7 6 5 5 5 2
7 6 5 6 6 2
8 8 2 5 4 2
7 6 4 4 3 2
6 4 7 4 5 2
7 6 6 4 4 2
6 4 7 5 7 2
7 5 6 3 3 2
7 7 4 6 5 2
7 7 4 5 4 2
8 7 3 3 2 2
7 7 4 4 4 2
7 6 5 3 3 2
7 6 5 2 2 2
6 5 6 5 6 2
7 6 5 4 3 2
7 6 5 3 2 2
7 6 5 4 4 2
7 6 5 4 4 2
6 5 6 5 6 2
7 6 5 6 6 2
6 6 6 6 7 2
7 7 4 5 4 2
6 4 7 3 5 2
8 6 5 2 1 2
7 7 4 5 5 2
8 8 3 7 7 2
8 7 4 3 2 2
7 6 5 5 5 2
7 6 5 5 6 2
8 7 3 5 3 2
7 7 4 5 5 2
7 7 4 4 4 2
8 7 4 5 4 2
7 6 6 6 7 2
6 6 6 7 8 2
7 6 5 3 3 2
7 6 6 5 6 2
6 5 6 5 5 2
7 7 4 5 5 2
