3 2 9 8 4 1
4 2 9 8 5 1
4 3 8 7 4 1
4 1 9 8 5 1
4 3 9 7 4 1
3 1 9 9 5 1
4 3 8 7 5 1
4 3 8 7 5 1
4 2 9 8 5 1
4 3 8 7 5 1
3 2 9 8 4 1
2 2 9 8 3 1
4 2 9 8 5 1
4 3 8 7 4 1
4 3 8 7 5 1
3 2 9 8 4 1
3 2 9 7 4 1
3 2 9 8 4 1
3 1 9 8 4 1
2 1 9 8 3 1
3 3 9 7 4 1
4 2 9 8 5 1
4 3 8 7 5 1
4 2 9 8 5 1
4 3 8 7 5 1
3 3 9 7 4 1
4 3 8 7 5 1
3 2 9 7 4 1
3 3 9 7 4 1
3 2 9 7 3 1
3 3 9 7 4 1
3 2 9 8 5 1
3 4 8 6 4 1
4 2 9 8 5 1
4 3 8 7 5 1
2 2 9 8 3 1
3 2 9 8 4 1
3 1 9 8 5 1
3 2 9 7 4 1
3 3 9 7 4 1
4 2 9 8 5 1
4 3 8 7 5 1
4 3 8 7 5 1
4 2 9 7 5 1
3 2 9 8 4 1
4 3 9 8 5 1
2 1 9 8 3 1
3 2 9 7 4 1
4 2 9 8 5 1
4 2 9 8 5 1
8 8 2 2 7 2
8 8 3 3 7 2
7 7 5 4 7 2
8 7 4 4 8 2
7 6 6 5 7 2
6 6 6 5 6 2
8 7 5 5 7 2
6 5 7 5 6 2
6 7 5 3 6 2
7 8 4 3 6 2
8 7 5 5 8 2
8 8 3 3 7 2
8 7 5 5 8 2
7 8 3 2 6 2
8 6 6 6 8 2
7 5 7 6 7 2
8 8 2 3 8 2
8 7 5 5 7 2
8 8 4 3 7 2
6 5 7 6 6 2
8 7 5 5 7 2
7 8 4 3 7 2
8 8 4 4 8 2
7 7 5 4 7 2
8 8 3 3 7 2
8 9 2 1 7 2
7 7 5 4 7 2
7 8 3 2 7 2
7 8 4 3 6 2
6 8 4 2 5 2
7 6 6 5 7 2
6 7 5 4 5 2
7 6 6 5 7 2
8 8 2 2 7 2
8 8 2 2 8 2
8 7 4 4 8 2
7 8 4 3 6 2
8 5 7 7 8 2
7 8 3 2 6 2
7 7 5 4 7 2
7 7 5 4 6 2
8 8 4 4 8 2
8 7 4 4 8 2
8 7 4 5 8 2
7 8 3 2 7 2
6 8 4 3 6 2
6 7 5 4 6 2
7 9 2 2 6 2
7 7 5 5 7 2
8 7 5 5 8 2
