9.449959271718100457e-04 8.451868867264542484e-04 6.070553615116042537e-03 3.101126164392098948e-03 2.019729196588381480e-03
4.432908341141203636e-05 2.328818153134371201e-04 1.733117884297077568e-03 3.315970279166822478e-04 5.343062091574092912e-04
3.089916188082046525e-05 3.424315917401394611e-05 2.669018466326400778e-04 1.220151022140988011e-04 8.800546677671505357e-05
8.759014837980664972e-04 7.896163256244745788e-04 5.515641367444474100e-03 2.770676729677130912e-03 1.817858875111391442e-03
3.089916188082046525e-05 3.424315917401394611e-05 2.669018466326400778e-04 1.220151022140988011e-04 8.800546677671505357e-05
3.089916188082046525e-05 3.424315917401394611e-05 2.669018466326400778e-04 1.220151022140988011e-04 8.800546677671505357e-05
3.089916188082046525e-05 3.424315917401394611e-05 2.669018466326400778e-04 1.220151022140988011e-04 8.800546677671505357e-05
8.759014837980664972e-04 7.896163256244745788e-04 5.515641367444474100e-03 2.770676729677130912e-03 1.817858875111391442e-03
3.089916188082046525e-05 3.424315917401394611e-05 2.669018466326400778e-04 1.220151022140988011e-04 8.800546677671505357e-05
3.089916188082046525e-05 3.424315917401394611e-05 2.669018466326400778e-04 1.220151022140988011e-04 8.800546677671505357e-05
9.449959271718100457e-04 8.451868867264542484e-04 6.070553615116042537e-03 3.101126164392098948e-03 2.019729196588381480e-03
3.089916188082046525e-05 3.424315917401394611e-05 2.669018466326400778e-04 1.220151022140988011e-04 8.800546677671505357e-05
9.449959271718100457e-04 8.451868867264542484e-04 6.070553615116042537e-03 3.101126164392098948e-03 2.019729196588381480e-03
3.089916188082046525e-05 3.424315917401394611e-05 2.669018466326400778e-04 1.220151022140988011e-04 8.800546677671505357e-05
4.384620242417656901e-05 2.309968501717519227e-04 1.718732958320996285e-03 3.283420112819259362e-04 5.298023940707352521e-04
9.449959271718100457e-04 8.451868867264542484e-04 6.070553615116042537e-03 3.101126164392098948e-03 2.019729196588381480e-03
3.089916188082046525e-05 3.424315917401394611e-05 2.669018466326400778e-04 1.220151022140988011e-04 8.800546677671505357e-05
8.171884283815667067e-04 7.386501300527624882e-04 5.079071155883355809e-03 2.530038854190855713e-03 1.664823486059692449e-03
3.089916188082046525e-05 3.424315917401394611e-05 2.669018466326400778e-04 1.220151022140988011e-04 8.800546677671505357e-05
9.449959271718100457e-04 8.451868867264542484e-04 6.070553615116042537e-03 3.101126164392098948e-03 2.019729196588381480e-03
3.089916188082046525e-05 3.424315917401394611e-05 2.669018466326400778e-04 1.220151022140988011e-04 8.800546677671505357e-05
9.449959271718100457e-04 8.451868867264542484e-04 6.070553615116042537e-03 3.101126164392098948e-03 2.019729196588381480e-03
3.089916188082046525e-05 3.424315917401394611e-05 2.669018466326400778e-04 1.220151022140988011e-04 8.800546677671505357e-05
8.759014837980664972e-04 7.896163256244745788e-04 5.515641367444474100e-03 2.770676729677130912e-03 1.817858875111391442e-03
2.195658405941766926e-05 1.187110348842197353e-04 8.814332811000842247e-04 1.661211608550359738e-04 2.714731867455450745e-04
3.089916188082046525e-05 3.424315917401394611e-05 2.669018466326400778e-04 1.220151022140988011e-04 8.800546677671505357e-05
9.449959271718100457e-04 8.451868867264542484e-04 6.070553615116042537e-03 3.101126164392098948e-03 2.019729196588381480e-03
3.089916188082046525e-05 3.424315917401394611e-05 2.669018466326400778e-04 1.220151022140988011e-04 8.800546677671505357e-05
8.759014837980664972e-04 7.896163256244745788e-04 5.515641367444474100e-03 2.770676729677130912e-03 1.817858875111391442e-03
9.449959271718100457e-04 8.451868867264542484e-04 6.070553615116042537e-03 3.101126164392098948e-03 2.019729196588381480e-03
3.089916188082046525e-05 3.424315917401394611e-05 2.669018466326400778e-04 1.220151022140988011e-04 8.800546677671505357e-05
9.449959271718100457e-04 8.451868867264542484e-04 6.070553615116042537e-03 3.101126164392098948e-03 2.019729196588381480e-03
3.089916188082046525e-05 3.424315917401394611e-05 2.669018466326400778e-04 1.220151022140988011e-04 8.800546677671505357e-05
5.860454827605783161e-05 5.559956781094175273e-05 3.696257836944831683e-04 1.679579077106941438e-04 1.088068817830852985e-04
9.449959271718100457e-04 8.451868867264542484e-04 6.070553615116042537e-03 3.101126164392098948e-03 2.019729196588381480e-03
3.089916188082046525e-05 3.424315917401394611e-05 2.669018466326400778e-04 1.220151022140988011e-04 8.800546677671505357e-05
4.384620242417656901e-05 2.309968501717519227e-04 1.718732958320996285e-03 3.283420112819259362e-04 5.298023940707352521e-04
6.551384603665635431e-04 5.987975292897919875e-04 2.856126955682152836e-03 1.157196232268343974e-03 7.756449171508802282e-04
4.384620242417656901e-05 2.309968501717519227e-04 1.718732958320996285e-03 3.283420112819259362e-04 5.298023940707352521e-04
1.156253400993339543e-04 1.235712793211754556e-04 7.407437697978415522e-04 4.215869093704332289e-04 3.131415332354748346e-04
3.089916188082046525e-05 3.424315917401394611e-05 2.669018466326400778e-04 1.220151022140988011e-04 8.800546677671505357e-05
9.449959271718100457e-04 8.451868867264542484e-04 6.070553615116042537e-03 3.101126164392098948e-03 2.019729196588381480e-03
4.384620242417656901e-05 2.309968501717519227e-04 1.718732958320996285e-03 3.283420112819259362e-04 5.298023940707352521e-04
3.089916188082046525e-05 3.424315917401394611e-05 2.669018466326400778e-04 1.220151022140988011e-04 8.800546677671505357e-05
3.089916188082046525e-05 3.424315917401394611e-05 2.669018466326400778e-04 1.220151022140988011e-04 8.800546677671505357e-05
8.759014837980664972e-04 7.896163256244745788e-04 5.515641367444474100e-03 2.770676729677130912e-03 1.817858875111391442e-03
3.089916188082046525e-05 3.424315917401394611e-05 2.669018466326400778e-04 1.220151022140988011e-04 8.800546677671505357e-05
9.449959271718100457e-04 8.451868867264542484e-04 6.070553615116042537e-03 3.101126164392098948e-03 2.019729196588381480e-03
9.449959271718100457e-04 8.451868867264542484e-04 6.070553615116042537e-03 3.101126164392098948e-03 2.019729196588381480e-03
3.089916188082046525e-05 3.424315917401394611e-05 2.669018466326400778e-04 1.220151022140988011e-04 8.800546677671505357e-05
9.449959271718100457e-04 8.451868867264542484e-04 6.070553615116042537e-03 3.101126164392098948e-03 2.019729196588381480e-03
3.089916188082046525e-05 3.424315917401394611e-05 2.669018466326400778e-04 1.220151022140988011e-04 8.800546677671505357e-05
3.089916188082046525e-05 3.424315917401394611e-05 2.669018466326400778e-04 1.220151022140988011e-04 8.800546677671505357e-05
3.089916188082046525e-05 3.424315917401394611e-05 2.669018466326400778e-04 1.220151022140988011e-04 8.800546677671505357e-05
1.156253400993339543e-04 1.235712793211754556e-04 7.407437697978415522e-04 4.215869093704332289e-04 3.131415332354748346e-04
3.089916188082046525e-05 3.424315917401394611e-05 2.669018466326400778e-04 1.220151022140988011e-04 8.800546677671505357e-05
3.089916188082046525e-05 3.424315917401394611e-05 2.669018466326400778e-04 1.220151022140988011e-04 8.800546677671505357e-05
3.089916188082046525e-05 3.424315917401394611e-05 2.669018466326400778e-04 1.220151022140988011e-04 8.800546677671505357e-05
9.449959271718100457e-04 8.451868867264542484e-04 6.070553615116042537e-03 3.101126164392098948e-03 2.019729196588381480e-03
3.089916188082046525e-05 3.424315917401394611e-05 2.669018466326400778e-04 1.220151022140988011e-04 8.800546677671505357e-05
3.089916188082046525e-05 3.424315917401394611e-05 2.669018466326400778e-04 1.220151022140988011e-04 8.800546677671505357e-05
9.449959271718100457e-04 8.451868867264542484e-04 6.070553615116042537e-03 3.101126164392098948e-03 2.019729196588381480e-03
9.449959271718100457e-04 8.451868867264542484e-04 6.070553615116042537e-03 3.101126164392098948e-03 2.019729196588381480e-03
9.449959271718100457e-04 8.451868867264542484e-04 6.070553615116042537e-03 3.101126164392098948e-03 2.019729196588381480e-03
8.759014837980664972e-04 7.896163256244745788e-04 5.515641367444474100e-03 2.770676729677130912e-03 1.817858875111391442e-03
3.089916188082046525e-05 3.424315917401394611e-05 2.669018466326400778e-04 1.220151022140988011e-04 8.800546677671505357e-05
9.449959271718100457e-04 8.451868867264542484e-04 6.070553615116042537e-03 3.101126164392098948e-03 2.019729196588381480e-03
3.089916188082046525e-05 3.424315917401394611e-05 2.669018466326400778e-04 1.220151022140988011e-04 8.800546677671505357e-05
3.089916188082046525e-05 3.424315917401394611e-05 2.669018466326400778e-04 1.220151022140988011e-04 8.800546677671505357e-05
3.089916188082046525e-05 3.424315917401394611e-05 2.669018466326400778e-04 1.220151022140988011e-04 8.800546677671505357e-05
1.156253400993339543e-04 1.235712793211754556e-04 7.407437697978415522e-04 4.215869093704332289e-04 3.131415332354748346e-04
3.089916188082046525e-05 3.424315917401394611e-05 2.669018466326400778e-04 1.220151022140988011e-04 8.800546677671505357e-05
8.759014837980664972e-04 7.896163256244745788e-04 5.515641367444474100e-03 2.770676729677130912e-03 1.817858875111391442e-03
9.449959271718100457e-04 8.451868867264542484e-04 6.070553615116042537e-03 3.101126164392098948e-03 2.019729196588381480e-03
3.089916188082046525e-05 3.424315917401394611e-05 2.669018466326400778e-04 1.220151022140988011e-04 8.800546677671505357e-05
3.089916188082046525e-05 3.424315917401394611e-05 2.669018466326400778e-04 1.220151022140988011e-04 8.800546677671505357e-05
3.089916188082046525e-05 3.424315917401394611e-05 2.669018466326400778e-04 1.220151022140988011e-04 8.800546677671505357e-05
4.384620242417656901e-05 2.309968501717519227e-04 1.718732958320996285e-03 3.283420112819259362e-04 5.298023940707352521e-04
9.449959271718100457e-04 8.451868867264542484e-04 6.070553615116042537e-03 3.101126164392098948e-03 2.019729196588381480e-03
9.449959271718100457e-04 8.451868867264542484e-04 6.070553615116042537e-03 3.101126164392098948e-03 2.019729196588381480e-03
3.089916188082046525e-05 3.424315917401394611e-05 2.669018466326400778e-04 1.220151022140988011e-04 8.800546677671505357e-05
4.384620242417656901e-05 2.309968501717519227e-04 1.718732958320996285e-03 3.283420112819259362e-04 5.298023940707352521e-04
3.089916188082046525e-05 3.424315917401394611e-05 2.669018466326400778e-04 1.220151022140988011e-04 8.800546677671505357e-05
4.384620242417656901e-05 2.309968501717519227e-04 1.718732958320996285e-03 3.283420112819259362e-04 5.298023940707352521e-04
3.089916188082046525e-05 3.424315917401394611e-05 2.669018466326400778e-04 1.220151022140988011e-04 8.800546677671505357e-05
3.089916188082046525e-05 3.424315917401394611e-05 2.669018466326400778e-04 1.220151022140988011e-04 8.800546677671505357e-05
9.449959271718100457e-04 8.451868867264542484e-04 6.070553615116042537e-03 3.101126164392098948e-03 2.019729196588381480e-03
3.089916188082046525e-05 3.424315917401394611e-05 2.669018466326400778e-04 1.220151022140988011e-04 8.800546677671505357e-05
3.089916188082046525e-05 3.424315917401394611e-05 2.669018466326400778e-04 1.220151022140988011e-04 8.800546677671505357e-05
9.449959271718100457e-04 8.451868867264542484e-04 6.070553615116042537e-03 3.101126164392098948e-03 2.019729196588381480e-03
9.449959271718100457e-04 8.451868867264542484e-04 6.070553615116042537e-03 3.101126164392098948e-03 2.019729196588381480e-03
3.089916188082046525e-05 3.424315917401394611e-05 2.669018466326400778e-04 1.220151022140988011e-04 8.800546677671505357e-05
9.449959271718100457e-04 8.451868867264542484e-04 6.070553615116042537e-03 3.101126164392098948e-03 2.019729196588381480e-03
9.449959271718100457e-04 8.451868867264542484e-04 6.070553615116042537e-03 3.101126164392098948e-03 2.019729196588381480e-03
1.156253400993339543e-04 1.235712793211754556e-04 7.407437697978415522e-04 4.215869093704332289e-04 3.131415332354748346e-04
6.551384603665635431e-04 5.987975292897919875e-04 2.856126955682152836e-03 1.157196232268343974e-03 7.756449171508802282e-04
9.449959271718100457e-04 8.451868867264542484e-04 6.070553615116042537e-03 3.101126164392098948e-03 2.019729196588381480e-03
9.449959271718100457e-04 8.451868867264542484e-04 6.070553615116042537e-03 3.101126164392098948e-03 2.019729196588381480e-03
9.449959271718100457e-04 8.451868867264542484e-04 6.070553615116042537e-03 3.101126164392098948e-03 2.019729196588381480e-03
3.089916188082046525e-05 3.424315917401394611e-05 2.669018466326400778e-04 1.220151022140988011e-04 8.800546677671505357e-05
