1.998849193839918696e-04 1.740849540050423585e-04 3.865136257496852535e-04 3.419674937575109715e-03 1.412742592322599206e-03
1.998849193839918696e-04 1.740849540050423585e-04 3.865136257496852535e-04 3.419674937575109715e-03 1.412742592322599206e-03
1.998849193839918696e-04 1.740849540050423585e-04 3.865136257496852535e-04 3.419674937575109715e-03 1.412742592322599206e-03
1.998849193839918696e-04 1.740849540050423585e-04 3.865136257496852535e-04 3.419674937575109715e-03 1.412742592322599206e-03
6.294580026314805943e-04 2.130043645350485862e-04 4.163934502730575913e-04 5.231657759738893992e-03 2.203570925458148231e-03
6.294580026314805943e-04 2.130043645350485862e-04 4.163934502730575913e-04 5.231657759738893992e-03 2.203570925458148231e-03
6.294580026314805943e-04 2.130043645350485862e-04 4.163934502730575913e-04 5.231657759738893992e-03 2.203570925458148231e-03
1.998849193839918696e-04 1.740849540050423585e-04 3.865136257496852535e-04 3.419674937575109715e-03 1.412742592322599206e-03
1.024442938571593249e-03 3.194651018716406312e-04 8.525851758528977782e-04 9.843756245084321274e-03 4.245907142904364710e-03
1.998849193839918696e-04 1.740849540050423585e-04 3.865136257496852535e-04 3.419674937575109715e-03 1.412742592322599206e-03
1.998849193839918696e-04 1.740849540050423585e-04 3.865136257496852535e-04 3.419674937575109715e-03 1.412742592322599206e-03
6.781536029980568927e-04 2.284142834058017820e-04 4.339173178203250972e-04 5.447861420079841595e-03 2.325762486612357929e-03
1.998849193839918696e-04 1.740849540050423585e-04 3.865136257496852535e-04 3.419674937575109715e-03 1.412742592322599206e-03
1.998849193839918696e-04 1.740849540050423585e-04 3.865136257496852535e-04 3.419674937575109715e-03 1.412742592322599206e-03
1.538497049887622026e-04 1.159437902117840260e-04 4.443750796534642715e-04 4.034098819590301727e-03 1.401303778481801168e-03
8.384404994022130264e-04 2.339291700150273278e-04 5.788901172959773833e-04 7.292724878713414960e-03 3.315764919086118968e-03
7.380691375102271063e-04 2.523810124393491739e-04 4.549867538801604435e-04 5.583993006351570081e-03 2.395876027572556993e-03
1.998849193839918696e-04 1.740849540050423585e-04 3.865136257496852535e-04 3.419674937575109715e-03 1.412742592322599206e-03
6.294580026314805943e-04 2.130043645350485862e-04 4.163934502730575913e-04 5.231657759738893992e-03 2.203570925458148231e-03
6.294580026314805943e-04 2.130043645350485862e-04 4.163934502730575913e-04 5.231657759738893992e-03 2.203570925458148231e-03
1.538497049887622026e-04 1.159437902117840260e-04 4.443750796534642715e-04 4.034098819590301727e-03 1.401303778481801168e-03
1.538497049887622026e-04 1.159437902117840260e-04 4.443750796534642715e-04 4.034098819590301727e-03 1.401303778481801168e-03
1.998849193839918696e-04 1.740849540050423585e-04 3.865136257496852535e-04 3.419674937575109715e-03 1.412742592322599206e-03
1.998849193839918696e-04 1.740849540050423585e-04 3.865136257496852535e-04 3.419674937575109715e-03 1.412742592322599206e-03
9.122092099405595999e-05 6.093799841313617924e-05 2.625241864697174703e-04 3.582755831116392255e-03 1.792013562295254481e-03
8.384404994022130264e-04 2.339291700150273278e-04 5.788901172959773833e-04 7.292724878713414960e-03 3.315764919086118968e-03
1.998849193839918696e-04 1.740849540050423585e-04 3.865136257496852535e-04 3.419674937575109715e-03 1.412742592322599206e-03
6.294580026314805943e-04 2.130043645350485862e-04 4.163934502730575913e-04 5.231657759738893992e-03 2.203570925458148231e-03
6.294580026314805943e-04 2.130043645350485862e-04 4.163934502730575913e-04 5.231657759738893992e-03 2.203570925458148231e-03
1.998849193839918696e-04 1.740849540050423585e-04 3.865136257496852535e-04 3.419674937575109715e-03 1.412742592322599206e-03
1.998849193839918696e-04 1.740849540050423585e-04 3.865136257496852535e-04 3.419674937575109715e-03 1.412742592322599206e-03
6.294580026314805943e-04 2.130043645350485862e-04 4.163934502730575913e-04 5.231657759738893992e-03 2.203570925458148231e-03
6.294580026314805943e-04 2.130043645350485862e-04 4.163934502730575913e-04 5.231657759738893992e-03 2.203570925458148231e-03
6.294580026314805943e-04 2.130043645350485862e-04 4.163934502730575913e-04 5.231657759738893992e-03 2.203570925458148231e-03
1.538497049887622026e-04 1.159437902117840260e-04 4.443750796534642715e-04 4.034098819590301727e-03 1.401303778481801168e-03
1.538497049887622026e-04 1.159437902117840260e-04 4.443750796534642715e-04 4.034098819590301727e-03 1.401303778481801168e-03
9.135369914437650339e-04 2.496010828221577804e-04 6.053766457976021611e-04 7.755148315207480679e-03 3.575561610590555217e-03
1.998849193839918696e-04 1.740849540050423585e-04 3.865136257496852535e-04 3.419674937575109715e-03 1.412742592322599206e-03
1.998849193839918696e-04 1.740849540050423585e-04 3.865136257496852535e-04 3.419674937575109715e-03 1.412742592322599206e-03
1.289366138786916761e-03 3.451379238597709919e-04 8.195499032428852542e-04 1.067801181020983786e-02 4.994814499008605468e-03
6.294580026314805943e-04 2.130043645350485862e-04 4.163934502730575913e-04 5.231657759738893992e-03 2.203570925458148231e-03
1.998849193839918696e-04 1.740849540050423585e-04 3.865136257496852535e-04 3.419674937575109715e-03 1.412742592322599206e-03
1.998849193839918696e-04 1.740849540050423585e-04 3.865136257496852535e-04 3.419674937575109715e-03 1.412742592322599206e-03
1.998849193839918696e-04 1.740849540050423585e-04 3.865136257496852535e-04 3.419674937575109715e-03 1.412742592322599206e-03
1.998849193839918696e-04 1.740849540050423585e-04 3.865136257496852535e-04 3.419674937575109715e-03 1.412742592322599206e-03
1.998849193839918696e-04 1.740849540050423585e-04 3.865136257496852535e-04 3.419674937575109715e-03 1.412742592322599206e-03
2.016442911121046194e-04 1.361796741755994596e-04 5.254427412638870655e-04 4.931499424501017449e-03 1.657938992599513293e-03
6.294580026314805943e-04 2.130043645350485862e-04 4.163934502730575913e-04 5.231657759738893992e-03 2.203570925458148231e-03
1.998849193839918696e-04 1.740849540050423585e-04 3.865136257496852535e-04 3.419674937575109715e-03 1.412742592322599206e-03
6.294580026314805943e-04 2.130043645350485862e-04 4.163934502730575913e-04 5.231657759738893992e-03 2.203570925458148231e-03
6.294580026314805943e-04 2.130043645350485862e-04 4.163934502730575913e-04 5.231657759738893992e-03 2.203570925458148231e-03
6.294580026314805943e-04 2.130043645350485862e-04 4.163934502730575913e-04 5.231657759738893992e-03 2.203570925458148231e-03
6.294580026314805943e-04 2.130043645350485862e-04 4.163934502730575913e-04 5.231657759738893992e-03 2.203570925458148231e-03
6.294580026314805943e-04 2.130043645350485862e-04 4.163934502730575913e-04 5.231657759738893992e-03 2.203570925458148231e-03
6.294580026314805943e-04 2.130043645350485862e-04 4.163934502730575913e-04 5.231657759738893992e-03 2.203570925458148231e-03
1.998849193839918696e-04 1.740849540050423585e-04 3.865136257496852535e-04 3.419674937575109715e-03 1.412742592322599206e-03
1.998849193839918696e-04 1.740849540050423585e-04 3.865136257496852535e-04 3.419674937575109715e-03 1.412742592322599206e-03
1.538497049887622026e-04 1.159437902117840260e-04 4.443750796534642715e-04 4.034098819590301727e-03 1.401303778481801168e-03
1.998849193839918696e-04 1.740849540050423585e-04 3.865136257496852535e-04 3.419674937575109715e-03 1.412742592322599206e-03
1.797051744313203116e-03 6.609751750684242280e-04 7.843292168520368205e-04 8.558246609233053151e-03 3.049477355375268799e-03
6.294580026314805943e-04 2.130043645350485862e-04 4.163934502730575913e-04 5.231657759738893992e-03 2.203570925458148231e-03
6.781536029980568927e-04 2.284142834058017820e-04 4.339173178203250972e-04 5.447861420079841595e-03 2.325762486612357929e-03
8.384404994022130264e-04 2.339291700150273278e-04 5.788901172959773833e-04 7.292724878713414960e-03 3.315764919086118968e-03
1.998849193839918696e-04 1.740849540050423585e-04 3.865136257496852535e-04 3.419674937575109715e-03 1.412742592322599206e-03
6.294580026314805943e-04 2.130043645350485862e-04 4.163934502730575913e-04 5.231657759738893992e-03 2.203570925458148231e-03
6.294580026314805943e-04 2.130043645350485862e-04 4.163934502730575913e-04 5.231657759738893992e-03 2.203570925458148231e-03
1.998849193839918696e-04 1.740849540050423585e-04 3.865136257496852535e-04 3.419674937575109715e-03 1.412742592322599206e-03
1.442233632503918611e-04 1.199724792778869727e-04 3.149200853815159310e-04 3.398063049855719591e-03 1.592873370601242478e-03
1.998849193839918696e-04 1.740849540050423585e-04 3.865136257496852535e-04 3.419674937575109715e-03 1.412742592322599206e-03
1.043002460586329614e-03 3.179670081528196196e-04 8.378499689342790505e-04 9.842144471806800812e-03 4.284009191287341083e-03
1.998849193839918696e-04 1.740849540050423585e-04 3.865136257496852535e-04 3.419674937575109715e-03 1.412742592322599206e-03
1.998849193839918696e-04 1.740849540050423585e-04 3.865136257496852535e-04 3.419674937575109715e-03 1.412742592322599206e-03
6.294580026314805943e-04 2.130043645350485862e-04 4.163934502730575913e-04 5.231657759738893992e-03 2.203570925458148231e-03
6.294580026314805943e-04 2.130043645350485862e-04 4.163934502730575913e-04 5.231657759738893992e-03 2.203570925458148231e-03
8.384404994022130264e-04 2.339291700150273278e-04 5.788901172959773833e-04 7.292724878713414960e-03 3.315764919086118968e-03
1.998849193839918696e-04 1.740849540050423585e-04 3.865136257496852535e-04 3.419674937575109715e-03 1.412742592322599206e-03
1.029554195999108886e-03 4.126925082888236135e-04 9.612894005156782853e-04 1.103989019223198219e-02 4.017446731854982904e-03
1.998849193839918696e-04 1.740849540050423585e-04 3.865136257496852535e-04 3.419674937575109715e-03 1.412742592322599206e-03
1.998849193839918696e-04 1.740849540050423585e-04 3.865136257496852535e-04 3.419674937575109715e-03 1.412742592322599206e-03
9.998452688942286262e-05 6.440822538188645035e-05 2.936301264902763889e-04 4.178447628566889574e-03 2.109272732101113382e-03
7.292524773410738979e-04 2.115308167917633237e-04 5.423832122252441202e-04 6.636968666979018057e-03 2.941310248732849787e-03
1.998849193839918696e-04 1.740849540050423585e-04 3.865136257496852535e-04 3.419674937575109715e-03 1.412742592322599206e-03
1.280872453512117573e-03 3.414621048913020832e-04 8.080463003901658479e-04 1.056791669085642600e-02 4.953672603903040532e-03
1.998849193839918696e-04 1.740849540050423585e-04 3.865136257496852535e-04 3.419674937575109715e-03 1.412742592322599206e-03
1.998849193839918696e-04 1.740849540050423585e-04 3.865136257496852535e-04 3.419674937575109715e-03 1.412742592322599206e-03
1.538497049887622026e-04 1.159437902117840260e-04 4.443750796534642715e-04 4.034098819590301727e-03 1.401303778481801168e-03
1.538497049887622026e-04 1.159437902117840260e-04 4.443750796534642715e-04 4.034098819590301727e-03 1.401303778481801168e-03
6.294580026314805943e-04 2.130043645350485862e-04 4.163934502730575913e-04 5.231657759738893992e-03 2.203570925458148231e-03
6.294580026314805943e-04 2.130043645350485862e-04 4.163934502730575913e-04 5.231657759738893992e-03 2.203570925458148231e-03
1.998849193839918696e-04 1.740849540050423585e-04 3.865136257496852535e-04 3.419674937575109715e-03 1.412742592322599206e-03
1.998849193839918696e-04 1.740849540050423585e-04 3.865136257496852535e-04 3.419674937575109715e-03 1.412742592322599206e-03
1.998849193839918696e-04 1.740849540050423585e-04 3.865136257496852535e-04 3.419674937575109715e-03 1.412742592322599206e-03
1.998849193839918696e-04 1.740849540050423585e-04 3.865136257496852535e-04 3.419674937575109715e-03 1.412742592322599206e-03
3.991403508512964514e-04 1.758856582154059002e-04 5.826174461175238992e-04 5.766288273397479625e-03 2.041073911132329759e-03
1.998849193839918696e-04 1.740849540050423585e-04 3.865136257496852535e-04 3.419674937575109715e-03 1.412742592322599206e-03
8.384404994022130264e-04 2.339291700150273278e-04 5.788901172959773833e-04 7.292724878713414960e-03 3.315764919086118968e-03
6.294580026314805943e-04 2.130043645350485862e-04 4.163934502730575913e-04 5.231657759738893992e-03 2.203570925458148231e-03
6.294580026314805943e-04 2.130043645350485862e-04 4.163934502730575913e-04 5.231657759738893992e-03 2.203570925458148231e-03
6.294580026314805943e-04 2.130043645350485862e-04 4.163934502730575913e-04 5.231657759738893992e-03 2.203570925458148231e-03
8.384404994022130264e-04 2.339291700150273278e-04 5.788901172959773833e-04 7.292724878713414960e-03 3.315764919086118968e-03
